return {
	CFrame.new(
		-685.472412,
		118.488983,
		-371.996521,
		0.619331062,
		1.31741746e-08,
		-0.785129964,
		-7.71280995e-08,
		1,
		-4.40610535e-08,
		0.785129964,
		8.7843965e-08,
		0.619331062
	),
	CFrame.new(
		-707.526062,
		123.690987,
		-262.147461,
		-0.0210729204,
		-2.39580071e-08,
		-0.999777913,
		3.22868239e-08,
		1,
		-2.46438567e-08,
		0.999777913,
		-3.27989724e-08,
		-0.0210729204
	),
	CFrame.new(
		-581.783142,
		107.27198,
		-64.4251633,
		0.980983853,
		-1.45421497e-08,
		-0.194089234,
		1.20556241e-08,
		1,
		-1.39924099e-08,
		0.194089234,
		1.13864616e-08,
		0.980983853
	),
	CFrame.new(
		-451.100098,
		110.548981,
		-44.8195801,
		0.876404345,
		-1.8952969e-08,
		-0.481575996,
		8.97564423e-09,
		1,
		-2.30216539e-08,
		0.481575996,
		1.58538231e-08,
		0.876404345
	),
	CFrame.new(
		-244.67775,
		131.980942,
		-9.2009449,
		0.572276533,
		2.99986119e-10,
		0.82006073,
		7.74823583e-09,
		1,
		-5.77288883e-09,
		-0.82006073,
		9.65771196e-09,
		0.572276533
	),
	CFrame.new(
		-150.401993,
		131.980942,
		-53.5054321,
		0.99925369,
		-3.304228e-09,
		0.0386274233,
		-4.13176854e-10,
		1,
		9.62294706e-08,
		-0.0386274233,
		-9.61736148e-08,
		0.99925369
	),
	CFrame.new(
		48.1786766,
		119.686974,
		-24.1509895,
		0.991382062,
		-8.06302936e-09,
		0.131002396,
		8.24738233e-09,
		1,
		-8.64701033e-10,
		-0.131002396,
		1.93767602e-09,
		0.991382062
	),
	CFrame.new(
		333.485352,
		137.850937,
		-145.413452,
		0.0440756418,
		-2.95397289e-08,
		-0.999028206,
		-4.68618921e-08,
		1,
		-3.16359383e-08,
		0.999028206,
		4.82107261e-08,
		0.0440756418
	),
	CFrame.new(
		220.652695,
		142.273956,
		-289.522125,
		-0.312690824,
		-3.98071442e-08,
		0.94985497,
		1.8793278e-08,
		1,
		4.8095373e-08,
		-0.94985497,
		3.28898686e-08,
		-0.312690824
	),
	CFrame.new(
		289.076477,
		138.720947,
		-398.789978,
		0.998557806,
		-4.53322313e-09,
		-0.0536869764,
		2.39284459e-09,
		1,
		-3.99320186e-08,
		0.0536869764,
		3.9745963e-08,
		0.998557806
	),
	CFrame.new(
		382.447388,
		150.605927,
		-447.620636,
		0.999999821,
		-2.86561064e-09,
		0.000614553224,
		2.86698398e-09,
		1,
		-2.23387109e-09,
		-0.000614553224,
		2.23563257e-09,
		0.999999821
	),
	CFrame.new(
		378.79187,
		123.884964,
		-615.830505,
		0.99975878,
		7.56903731e-08,
		-0.0219635945,
		-7.50973896e-08,
		1,
		2.78232317e-08,
		0.0219635945,
		-2.61671129e-08,
		0.99975878
	),
	CFrame.new(
		372.260162,
		138.754929,
		-693.280273,
		0.99910301,
		2.29473307e-09,
		-0.0423459224,
		-2.33277264e-09,
		1,
		-8.48894399e-10,
		0.0423459224,
		9.46916323e-10,
		0.99910301
	),
	CFrame.new(
		266.049377,
		133.639938,
		-729.900146,
		-0.0650042444,
		-9.60598499e-08,
		-0.997884989,
		4.70393395e-08,
		1,
		-9.93276856e-08,
		0.997884989,
		-5.33965725e-08,
		-0.0650042444
	),
	CFrame.new(
		139.296448,
		138.839981,
		-716.007385,
		-0.772505283,
		-4.67849581e-08,
		0.635008335,
		-1.46965089e-08,
		1,
		5.57974182e-08,
		-0.635008335,
		3.37713963e-08,
		-0.772505283
	),
	CFrame.new(
		29.6225319,
		110.136978,
		-706.043762,
		-0.0224000029,
		4.92904171e-08,
		-0.999749064,
		2.05000337e-08,
		1,
		4.88434715e-08,
		0.999749064,
		-1.94007956e-08,
		-0.0224000029
	),
	CFrame.new(
		-25.7900066,
		110.137001,
		-731.790405,
		-0.036330808,
		7.01304899e-08,
		-0.999339819,
		-1.92725551e-08,
		1,
		7.08774692e-08,
		0.999339819,
		2.18348664e-08,
		-0.036330808
	),
	CFrame.new(
		-66.7780762,
		110.136978,
		-730.408386,
		0.997292101,
		-2.31283863e-08,
		-0.0735422894,
		2.33930812e-08,
		1,
		2.73787837e-09,
		0.0735422894,
		-4.45084503e-09,
		0.997292101
	),
	CFrame.new(
		-16.3151321,
		125.089996,
		-760.900269,
		-0.301116824,
		5.1531206e-08,
		0.953587234,
		7.23882465e-08,
		1,
		-3.11810844e-08,
		-0.953587234,
		5.96393619e-08,
		-0.301116824
	),
	CFrame.new(
		-28.9112225,
		134.214951,
		-827.297913,
		0.998308361,
		-4.08557383e-08,
		-0.0581409186,
		4.07526848e-08,
		1,
		-2.9581726e-09,
		0.0581409186,
		5.83770032e-10,
		0.998308361
	),
	CFrame.new(
		-1.55926347,
		112.464981,
		-878.163391,
		-0.975090146,
		1.77691692e-08,
		0.221809,
		3.52657672e-08,
		1,
		7.49209121e-08,
		-0.221809,
		8.08769087e-08,
		-0.975090146
	),
	CFrame.new(
		-65.7440109,
		113.339981,
		-908.378601,
		0.995564699,
		-7.77135245e-09,
		-0.0940792188,
		2.64499045e-09,
		1,
		-5.46145422e-08,
		0.0940792188,
		5.41234719e-08,
		0.995564699
	),
	CFrame.new(
		-76.7195282,
		123.114983,
		-1031.43799,
		0.0806947947,
		4.59399168e-08,
		-0.996738851,
		-9.25777094e-11,
		1,
		4.60827287e-08,
		0.996738851,
		-3.62636055e-09,
		0.0806947947
	),
	CFrame.new(
		-87.6755676,
		123.11499,
		-1066.98962,
		0.999987245,
		-3.67855968e-08,
		0.00505024008,
		3.72288618e-08,
		1,
		-8.76766038e-08,
		-0.00505024008,
		8.78634978e-08,
		0.999987245
	),
	CFrame.new(
		-110.301071,
		123.11499,
		-1067.44922,
		0.998026431,
		-9.66272466e-08,
		-0.0627949908,
		9.95277389e-08,
		1,
		4.30618847e-08,
		0.0627949908,
		-4.92267418e-08,
		0.998026431
	),
	CFrame.new(
		-118.580154,
		123.11499,
		-1056.19189,
		-0.999995291,
		-2.95346343e-08,
		-0.0030636508,
		-2.93402422e-08,
		1,
		-6.349606e-08,
		0.0030636508,
		-6.34058708e-08,
		-0.999995291
	),
	CFrame.new(
		-165.756409,
		82.8695145,
		-1044.21423,
		-0.999910057,
		3.7365659e-08,
		-0.0134113654,
		3.85849646e-08,
		1,
		-9.06570534e-08,
		0.0134113654,
		-9.11663776e-08,
		-0.999910057
	),
	CFrame.new(
		-191.025391,
		82.8695068,
		-1045.0144,
		0.0435257964,
		-7.31210363e-08,
		0.999052286,
		7.50277138e-08,
		1,
		6.99216613e-08,
		-0.999052286,
		7.19132203e-08,
		0.0435257964
	),
	CFrame.new(
		-288.660126,
		104.108025,
		-1043.26929,
		-0.999948323,
		6.89234199e-08,
		-0.0101649081,
		6.84979113e-08,
		1,
		4.22084021e-08,
		0.0101649081,
		4.15099457e-08,
		-0.999948323
	),
	CFrame.new(
		-344.99176,
		104.108009,
		-1034.9884,
		-0.976760626,
		-6.63942989e-09,
		-0.214333132,
		1.56526756e-08,
		1,
		-1.02309649e-07,
		0.214333132,
		-1.03286922e-07,
		-0.976760626
	),
	CFrame.new(
		-383.078766,
		128.863434,
		-934.883179,
		-0.502755225,
		6.32533359e-09,
		-0.864428818,
		5.33682325e-08,
		1,
		-2.37218192e-08,
		0.864428818,
		-5.80593067e-08,
		-0.502755225
	),
	CFrame.new(
		-415.597504,
		103.082481,
		-854.463928,
		-0.999980152,
		1.06045728e-09,
		-0.00629919302,
		8.98502717e-10,
		1,
		2.57131969e-08,
		0.00629919302,
		2.57070258e-08,
		-0.999980152
	),
	CFrame.new(
		-482.710907,
		82.6145096,
		-847.7229,
		-0.999980211,
		-8.26672863e-09,
		-0.00629343931,
		-8.25885049e-09,
		1,
		-1.27780331e-09,
		0.00629343931,
		-1.22580146e-09,
		-0.999980211
	),
	CFrame.new(
		-571.06665,
		132.644974,
		-819.339294,
		-0.192489207,
		-2.74051803e-08,
		-0.981299102,
		4.18525836e-08,
		1,
		-3.61371484e-08,
		0.981299102,
		-4.80259139e-08,
		-0.192489207
	),
	CFrame.new(
		-562.026672,
		118.229988,
		-746.773743,
		0.996514261,
		-8.57474163e-08,
		0.0834223181,
		8.84701521e-08,
		1,
		-2.89413844e-08,
		-0.0834223181,
		3.62208858e-08,
		0.996514261
	),
	CFrame.new(
		-730.867371,
		118.229988,
		-746.435303,
		0.999233961,
		3.96983113e-09,
		-0.0391337276,
		-2.10308437e-09,
		1,
		4.77428976e-08,
		0.0391337276,
		-4.76240238e-08,
		0.999233961
	),
	CFrame.new(
		-802.042419,
		145.16095,
		-755.73999,
		-0.998469234,
		-4.79714402e-08,
		0.0553096458,
		-4.28210214e-08,
		1,
		9.43048377e-08,
		-0.0553096458,
		9.17920673e-08,
		-0.998469234
	),
	CFrame.new(
		-901.356995,
		130.043945,
		-659.055786,
		-0.253098935,
		-2.40607978e-08,
		-0.967440426,
		1.35327207e-08,
		1,
		-2.84109642e-08,
		0.967440426,
		-2.02828847e-08,
		-0.253098935
	),
	CFrame.new(
		-879.066956,
		123.487984,
		-549.576538,
		-0.776601613,
		1.02497415e-08,
		-0.629992068,
		1.35730485e-08,
		1,
		-4.62084315e-10,
		0.629992068,
		-8.90976803e-09,
		-0.776601613
	),
	CFrame.new(
		-958.727783,
		104.66098,
		-472.7948,
		0.989668846,
		1.89918659e-09,
		0.143372029,
		-6.32201935e-09,
		1,
		3.03930889e-08,
		-0.143372029,
		-3.09854933e-08,
		0.989668846
	),
	CFrame.new(
		-994.885803,
		83.2213211,
		-354.481628,
		-0.0161196776,
		1.11357146e-07,
		-0.999870062,
		-3.77204081e-08,
		1,
		1.11979737e-07,
		0.999870062,
		3.95205859e-08,
		-0.0161196776
	),
	CFrame.new(
		-984.941711,
		86.6819687,
		-273.913757,
		-0.0472059287,
		-3.53797125e-09,
		-0.998885155,
		3.913744e-08,
		1,
		-5.39150102e-09,
		0.998885155,
		-3.93483219e-08,
		-0.0472059287
	),
	CFrame.new(
		-859.656494,
		35.8869858,
		-262.839569,
		0.999761105,
		-3.42264777e-08,
		0.0218570028,
		3.19793294e-08,
		1,
		1.03160836e-07,
		-0.0218570028,
		-1.0243722e-07,
		0.999761105
	),
	CFrame.new(
		-679.927002,
		35.8869934,
		-384.477631,
		0.324933529,
		-1.93601029e-08,
		-0.945736885,
		-7.58467777e-08,
		1,
		-4.65301362e-08,
		0.945736885,
		8.68502994e-08,
		0.324933529
	),
	CFrame.new(
		-234.672485,
		37.3500671,
		-310.367401,
		-0.935847878,
		-7.55904068e-08,
		0.352404267,
		-4.96883565e-08,
		1,
		8.25462863e-08,
		-0.352404267,
		5.97403798e-08,
		-0.935847878
	),
	CFrame.new(
		-577.262634,
		35.849987,
		-45.2383728,
		0.872312009,
		-6.96669602e-08,
		-0.488949686,
		7.16640969e-08,
		1,
		-1.46303663e-08,
		0.488949686,
		-2.22778915e-08,
		0.872312009
	),
	CFrame.new(
		-518.210449,
		35.8499908,
		-40.8577766,
		0.978019893,
		4.18149471e-09,
		-0.208511472,
		-8.56338289e-09,
		1,
		-2.011239e-08,
		0.208511472,
		2.14558824e-08,
		0.978019893
	),
	CFrame.new(
		-476.163605,
		35.849987,
		-41.862648,
		0.634014785,
		5.3169813e-10,
		-0.773320913,
		-2.57049155e-08,
		1,
		-2.0386878e-08,
		0.773320913,
		3.28037295e-08,
		0.634014785
	),
	CFrame.new(
		-427.683838,
		35.849987,
		116.07225,
		-0.989554644,
		-1.20206437e-07,
		0.144158095,
		-1.20179664e-07,
		1,
		8.89371776e-09,
		-0.144158095,
		-8.5240508e-09,
		-0.989554644
	),
	CFrame.new(
		-241.77594,
		43.0759888,
		38.6482239,
		-0.370056599,
		-8.4915925e-08,
		0.929009199,
		5.15799243e-08,
		1,
		1.11950897e-07,
		-0.929009199,
		8.93463934e-08,
		-0.370056599
	),
	CFrame.new(
		-135.901337,
		35.8499985,
		-15.2780552,
		-0.969019771,
		1.30011504e-08,
		-0.246983111,
		1.12017169e-08,
		1,
		8.69073613e-09,
		0.246983111,
		5.65486058e-09,
		-0.969019771
	),
	CFrame.new(
		49.8976707,
		35.8499985,
		-30.9101372,
		-0.908427715,
		4.36322587e-08,
		-0.418041974,
		3.94817619e-08,
		1,
		1.85769178e-08,
		0.418041974,
		3.70753039e-10,
		-0.908427715
	),
	CFrame.new(
		-25.6674023,
		35.849987,
		-27.034174,
		-0.984873354,
		-3.31271455e-09,
		0.173275784,
		-2.28388952e-08,
		1,
		-1.10694664e-07,
		-0.173275784,
		-1.12977652e-07,
		-0.984873354
	),
	CFrame.new(
		150.198624,
		35.8499985,
		-37.7619476,
		0.608229876,
		-1.18654597e-08,
		-0.793760955,
		6.10676167e-08,
		1,
		3.18454667e-08,
		0.793760955,
		-6.78424499e-08,
		0.608229876
	),
	CFrame.new(
		216.363876,
		36.3259888,
		38.5832596,
		-0.991024733,
		1.09912446e-09,
		0.133678421,
		1.4770325e-09,
		1,
		2.72782419e-09,
		-0.133678421,
		2.90078872e-09,
		-0.991024733
	),
	CFrame.new(
		142.688919,
		35.8469887,
		-327.924377,
		0.828712344,
		2.65950924e-08,
		0.559674799,
		1.05768594e-08,
		1,
		-6.31800248e-08,
		-0.559674799,
		5.82776636e-08,
		0.828712344
	),
	CFrame.new(
		32.3859825,
		35.8469925,
		-328.793671,
		0.770439088,
		6.48307097e-09,
		0.637513638,
		-5.55533219e-09,
		1,
		-3.45565332e-09,
		-0.637513638,
		-8.79229578e-10,
		0.770439088
	),
	CFrame.new(
		-44.1884422,
		35.8469887,
		-280.367798,
		-0.975394666,
		2.93319342e-08,
		0.220465884,
		5.16362704e-08,
		1,
		9.5406179e-08,
		-0.220465884,
		1.04442719e-07,
		-0.975394666
	),
	CFrame.new(
		-106.211174,
		37.6856766,
		-311.147705,
		0.30026418,
		5.06548474e-08,
		0.953856051,
		4.07906198e-09,
		1,
		-5.43893819e-08,
		-0.953856051,
		2.02220214e-08,
		0.30026418
	),
	CFrame.new(
		-601.158508,
		61.4125862,
		-429.179688,
		-0.218529105,
		1.07894607e-07,
		-0.975830436,
		5.76372088e-08,
		1,
		9.76595871e-08,
		0.975830436,
		-3.49026799e-08,
		-0.218529105
	),
	CFrame.new(
		-559.858887,
		61.5881042,
		-483.39856,
		-0.15638116,
		6.47658815e-09,
		-0.987696767,
		-5.7096269e-08,
		1,
		1.55972657e-08,
		0.987696767,
		5.88329208e-08,
		-0.15638116
	),
	CFrame.new(
		-441.910461,
		61.7505493,
		-484.601959,
		0.86408484,
		-2.40146356e-08,
		0.503346205,
		2.95318863e-08,
		1,
		-2.98684966e-09,
		-0.503346205,
		1.74456538e-08,
		0.86408484
	),
	CFrame.new(
		-352.469391,
		61.4055061,
		-526.205261,
		0.502616227,
		7.1497217e-09,
		-0.864509642,
		2.53677879e-09,
		1,
		9.7451176e-09,
		0.864509642,
		-7.09112413e-09,
		0.502616227
	),
	CFrame.new(
		-85.8513489,
		61.3669014,
		-475.001556,
		0.410494804,
		2.00796766e-08,
		-0.91186291,
		3.01594518e-08,
		1,
		3.55974308e-08,
		0.91186291,
		-4.21138466e-08,
		0.410494804
	),
	CFrame.new(
		130.160629,
		70.3108826,
		-535.844116,
		0.153273255,
		-2.3454259e-08,
		0.988183856,
		8.0296978e-08,
		1,
		1.12801679e-08,
		-0.988183856,
		7.76192337e-08,
		0.153273255
	),
	CFrame.new(
		-31.4668312,
		61.2891464,
		-418.170288,
		0.604644418,
		1.09483906e-08,
		-0.796495497,
		-1.22600339e-08,
		1,
		4.43873072e-09,
		0.796495497,
		7.08120851e-09,
		0.604644418
	),
	CFrame.new(
		312.766479,
		61.1397133,
		-240.968979,
		-0.0106982756,
		-1.15338272e-08,
		-0.99994278,
		1.34948303e-10,
		1,
		-1.15359313e-08,
		0.99994278,
		-2.58355171e-10,
		-0.0106982756
	),
	CFrame.new(
		244.703644,
		71.2507782,
		-226.568207,
		-0.954061866,
		-1.29947599e-08,
		0.299609751,
		-1.31257076e-08,
		1,
		1.57545899e-09,
		-0.299609751,
		-2.4295046e-09,
		-0.954061866
	),
	CFrame.new(
		-429.349518,
		71.6385727,
		-93.5196228,
		0.960402131,
		-1.44652912e-08,
		-0.278617561,
		2.61322395e-08,
		1,
		3.8160433e-08,
		0.278617561,
		-4.39302603e-08,
		0.960402131
	),
	CFrame.new(
		-541.005737,
		71.6951141,
		-266.264435,
		-0.957709491,
		1.55034243e-08,
		0.287736893,
		1.52585589e-08,
		1,
		-3.09365156e-09,
		-0.287736893,
		1.42763101e-09,
		-0.957709491
	),
	CFrame.new(
		-651.317993,
		61.3733749,
		-464.869934,
		0.14994055,
		-1.08287026e-07,
		-0.988695025,
		1.22001946e-08,
		1,
		-1.07674992e-07,
		0.988695025,
		4.08257517e-09,
		0.14994055
	),
	CFrame.new(
		-736.016724,
		61.7373657,
		-435.238159,
		-0.989537358,
		4.61691485e-08,
		-0.144276962,
		4.02470839e-08,
		1,
		4.39651195e-08,
		0.144276962,
		3.76984026e-08,
		-0.989537358
	),
	CFrame.new(
		-693.651917,
		71.0739746,
		-537.337708,
		0.0666614622,
		-4.96626462e-10,
		0.997775674,
		-8.42270698e-09,
		1,
		1.06045517e-09,
		-0.997775674,
		-8.47466275e-09,
		0.0666614622
	),
	CFrame.new(
		-358.309143,
		60.781086,
		-723.594666,
		-0.995872319,
		4.09559888e-08,
		0.0907650366,
		3.86153971e-08,
		1,
		-2.75434537e-08,
		-0.0907650366,
		-2.39248354e-08,
		-0.995872319
	),
	CFrame.new(
		-283.994598,
		84.6622391,
		-798.220825,
		0.997167468,
		-7.00258296e-09,
		-0.0752129853,
		7.65453656e-09,
		1,
		8.37982927e-09,
		0.0752129853,
		-8.93181351e-09,
		0.997167468
	),
	CFrame.new(
		-216.990402,
		84.4666519,
		-923.100891,
		-0.278853595,
		2.78291346e-08,
		-0.960333645,
		2.70018869e-08,
		1,
		2.113803e-08,
		0.960333645,
		-2.00364045e-08,
		-0.278853595
	),
	CFrame.new(
		-136.473129,
		70.2661285,
		-734.142273,
		0.273940414,
		-3.65282093e-09,
		0.961746693,
		1.62336971e-08,
		1,
		-8.25835511e-10,
		-0.961746693,
		1.58389337e-08,
		0.273940414
	),
	CFrame.new(
		335.332977,
		70.8293533,
		-573.095032,
		-0.0838028118,
		4.07708667e-09,
		0.996482372,
		8.40294767e-09,
		1,
		-3.38480288e-09,
		-0.996482372,
		8.08973244e-09,
		-0.0838028118
	),
	CFrame.new(
		73.0879822,
		70.3663177,
		-400.554504,
		0.285299808,
		1.4228787e-08,
		0.958438337,
		1.66074283e-08,
		1,
		-1.97893613e-08,
		-0.958438337,
		2.15630962e-08,
		0.285299808
	),
	CFrame.new(
		9.85426998,
		70.6217957,
		-316.29657,
		0.110365972,
		-4.26312639e-08,
		0.993891001,
		1.05447448e-07,
		1,
		3.1183955e-08,
		-0.993891001,
		1.01361621e-07,
		0.110365972
	),
	CFrame.new(
		270.051331,
		71.350502,
		14.9483414,
		0.0436233878,
		-4.70291823e-08,
		0.999048054,
		1.60773101e-08,
		1,
		4.637198e-08,
		-0.999048054,
		1.40391023e-08,
		0.0436233878
	),
	CFrame.new(
		-348.948029,
		70.8933182,
		-33.0699158,
		0.999240577,
		-2.30063577e-08,
		-0.0389652662,
		2.50019525e-08,
		1,
		5.07274542e-08,
		0.0389652662,
		-5.16631395e-08,
		0.999240577
	),
	CFrame.new(
		-346.539032,
		72.8284149,
		-114.1633,
		0.0873684809,
		1.15505241e-08,
		0.996176064,
		9.39612121e-08,
		1,
		-1.98356229e-08,
		-0.996176064,
		9.53349186e-08,
		0.0873684809
	),
}
